1.397003889083862305e+00
1.548791170120239258e+00
1.649799108505249023e+00
1.792634844779968262e+00
1.791792988777160645e+00
1.791794180870056152e+00
1.775727152824401855e+00
1.390308976173400879e+00
1.289022922515869141e+00
1.004384040832519531e+00
8.314391374588012695e-01
7.688772678375244141e-01
7.097988724708557129e-01
6.896449327468872070e-01
6.437081098556518555e-01
6.290124654769897461e-01
6.073595881462097168e-01
5.961925983428955078e-01
5.791638493537902832e-01
5.669221282005310059e-01
5.463122129440307617e-01
5.353448987007141113e-01
5.205404162406921387e-01
5.087354779243469238e-01
4.978252649307250977e-01
4.902790486812591553e-01
4.821458458900451660e-01
4.750975966453552246e-01
4.634998440742492676e-01
4.500747621059417725e-01
4.475944638252258301e-01
4.356483817100524902e-01
4.285456836223602295e-01
4.189228415489196777e-01
4.104448854923248291e-01
4.015989303588867188e-01
3.898950517177581787e-01
3.801950216293334961e-01
3.775740265846252441e-01
3.627152144908905029e-01
3.593288958072662354e-01
3.230768442153930664e-01
3.105755746364593506e-01
3.013987839221954346e-01
2.952217459678649902e-01
2.858516573905944824e-01
2.815344333648681641e-01
2.775853574275970459e-01
2.656002044677734375e-01
2.633228898048400879e-01
2.538600564002990723e-01
2.314816266298294067e-01
2.225574851036071777e-01
2.190027683973312378e-01
2.145897746086120605e-01
2.122238278388977051e-01
2.044223994016647339e-01
1.994374543428421021e-01
2.016706913709640503e-01
1.975039839744567871e-01
1.881034523248672485e-01
1.780782192945480347e-01
1.720856428146362305e-01
1.677972525358200073e-01
1.664390414953231812e-01
1.664789468050003052e-01
1.617867797613143921e-01
1.591964513063430786e-01
1.580965667963027954e-01
1.565520465373992920e-01
1.542627066373825073e-01
1.458728909492492676e-01
1.441203951835632324e-01
1.435508877038955688e-01
1.404914110898971558e-01
1.383680403232574463e-01
1.360694169998168945e-01
1.370248347520828247e-01
1.371217817068099976e-01
1.340814232826232910e-01
1.318612545728683472e-01
