3.239426612854003906e-01
2.726164758205413818e-01
2.384050190448760986e-01
1.661290377378463745e-01
1.671863794326782227e-01
1.685125380754470825e-01
1.898924708366394043e-01
3.364874422550201416e-01
4.039964079856872559e-01
5.471146702766418457e-01
6.234588027000427246e-01
6.483870744705200195e-01
6.742831468582153320e-01
6.855913996696472168e-01
7.056989073753356934e-01
7.132616639137268066e-01
7.227060794830322266e-01
7.299462556838989258e-01
7.379928231239318848e-01
7.455376386642456055e-01
7.556093335151672363e-01
7.609677314758300781e-01
7.682079076766967773e-01
7.730466127395629883e-01
7.780466079711914062e-01
7.808960676193237305e-01
7.869533896446228027e-01
7.884229421615600586e-01
7.928853034973144531e-01
8.006630539894104004e-01
8.015412092208862305e-01
8.067024946212768555e-01
8.103942871093750000e-01
8.124372959136962891e-01
8.159139752388000488e-01
8.199641704559326172e-01
8.267025351524353027e-01
8.298924565315246582e-01
8.322042822837829590e-01
8.374193310737609863e-01
8.407347798347473145e-01
8.538172245025634766e-01
8.597849607467651367e-01
8.642293810844421387e-01
8.652330040931701660e-01
8.698566555976867676e-01
8.707885146141052246e-01
8.745878338813781738e-01
8.794981837272644043e-01
8.813978433609008789e-01
8.858781456947326660e-01
8.944802880287170410e-01
8.984946012496948242e-01
9.001792073249816895e-01
9.028853178024291992e-01
9.045340418815612793e-01
9.057885408401489258e-01
9.080645442008972168e-01
9.075806736946105957e-01
9.103942513465881348e-01
9.142293930053710938e-01
9.191039204597473145e-01
9.222221970558166504e-01
9.243906736373901367e-01
9.244623780250549316e-01
9.245161414146423340e-01
9.276702404022216797e-01
9.271147251129150391e-01
9.292831420898437500e-01
9.288351535797119141e-01
9.295519590377807617e-01
9.348028898239135742e-01
9.348566532135009766e-01
9.353225827217102051e-01
9.365770816802978516e-01
9.372043013572692871e-01
9.395161271095275879e-01
9.383333325386047363e-01
9.389247298240661621e-01
9.400537610054016113e-01
9.411648511886596680e-01
