2.128194421529769897e-01
3.578749895095825195e-01
4.285236001014709473e-01
5.157277584075927734e-01
5.617333054542541504e-01
5.727972388267517090e-01
5.997847318649291992e-01
6.222000122070312500e-01
6.293125152587890625e-01
6.330513954162597656e-01
6.360541582107543945e-01
6.384986042976379395e-01
6.404347419738769531e-01
6.420166492462158203e-01
6.440625190734863281e-01
6.454180479049682617e-01
6.466777920722961426e-01
6.476819515228271484e-01
6.492597460746765137e-01
6.499708294868469238e-01
6.512291431427001953e-01
6.522263884544372559e-01
6.529611349105834961e-01
6.542888879776000977e-01
6.553652882575988770e-01
6.563500165939331055e-01
6.577374935150146484e-01
6.584430336952209473e-01
6.596500277519226074e-01
6.606208086013793945e-01
6.622236371040344238e-01
6.632485985755920410e-01
6.647444367408752441e-01
6.659944653511047363e-01
6.672999858856201172e-01
6.744472384452819824e-01
6.758902668952941895e-01
6.773514151573181152e-01
6.790041923522949219e-01
6.798124909400939941e-01
6.811985969543457031e-01
6.822999715805053711e-01
6.838486194610595703e-01
6.847847104072570801e-01
6.862902641296386719e-01
6.914027929306030273e-01
6.927208304405212402e-01
6.940583586692810059e-01
6.948944330215454102e-01
6.962749958038330078e-01
6.973041892051696777e-01
6.980236172676086426e-01
6.991319656372070312e-01
7.001319527626037598e-01
7.011125087738037109e-01
7.047888636589050293e-01
7.059666514396667480e-01
7.068041563034057617e-01
7.073166370391845703e-01
7.082096934318542480e-01
7.086958289146423340e-01
7.093680500984191895e-01
7.099249958992004395e-01
7.105736136436462402e-01
7.115430831909179688e-01
7.137264013290405273e-01
7.141069173812866211e-01
7.147166728973388672e-01
7.153888940811157227e-01
7.155610918998718262e-01
7.162472009658813477e-01
7.166833281517028809e-01
7.169610857963562012e-01
7.172430753707885742e-01
7.177069187164306641e-01
