1.992889404296875000e+00
1.513603687286376953e+00
1.328843832015991211e+00
1.152753114700317383e+00
1.038172960281372070e+00
1.014441847801208496e+00
9.793242216110229492e-01
9.390929937362670898e-01
9.222040176391601562e-01
9.129540920257568359e-01
9.053110480308532715e-01
8.992668986320495605e-01
8.944374322891235352e-01
8.900705575942993164e-01
8.857609629631042480e-01
8.826718926429748535e-01
8.798710703849792480e-01
8.771336674690246582e-01
8.740422725677490234e-01
8.720428943634033203e-01
8.694017529487609863e-01
8.668816685676574707e-01
8.647744655609130859e-01
8.625047802925109863e-01
8.605891466140747070e-01
8.575049638748168945e-01
8.556236028671264648e-01
8.529351353645324707e-01
8.509893417358398438e-01
8.490439057350158691e-01
8.460394740104675293e-01
8.433149456977844238e-01
8.407835960388183594e-01
8.383222222328186035e-01
8.353964686393737793e-01
8.200948834419250488e-01
8.161941170692443848e-01
8.132745027542114258e-01
8.101896643638610840e-01
8.077133893966674805e-01
8.047875761985778809e-01
8.022359609603881836e-01
7.992690205574035645e-01
7.968029379844665527e-01
7.940200567245483398e-01
7.824837565422058105e-01
7.790697813034057617e-01
7.766944169998168945e-01
7.744027972221374512e-01
7.718199491500854492e-01
7.696878314018249512e-01
7.675790786743164062e-01
7.655049562454223633e-01
7.635141611099243164e-01
7.615011930465698242e-01
7.537076473236083984e-01
7.512808442115783691e-01
7.497523427009582520e-01
7.480728030204772949e-01
7.464590072631835938e-01
7.450835704803466797e-01
7.436488866806030273e-01
7.422056198120117188e-01
7.407662272453308105e-01
7.393152117729187012e-01
7.346061468124389648e-01
7.332749366760253906e-01
7.323045730590820312e-01
7.313532829284667969e-01
7.304434776306152344e-01
7.295482754707336426e-01
7.286183834075927734e-01
7.278423905372619629e-01
7.270155549049377441e-01
7.261573672294616699e-01
